395	777	394	829	905	810	396	782	612	610
395	777	394	829	905	810	396	782	612	610
395	777	394	829	905	810	396	782	612	610
395	777	394	829	905	810	396	782	612	610
395	777	394	829	905	810	396	782	612	610
395	777	394	829	905	810	396	782	612	610
395	777	394	829	905	810	396	782	612	610
395	777	394	829	905	810	396	782	612	610
395	777	394	829	905	810	396	782	612	610
395	777	394	829	905	810	396	782	612	610
395	777	394	829	905	810	396	782	612	610
395	777	394	829	905	810	396	782	612	610
395	777	394	829	905	810	396	782	612	610
395	777	394	829	905	810	396	782	612	610
395	777	394	829	905	810	396	782	612	610
395	777	394	829	905	810	396	782	612	610
395	777	394	829	905	810	396	782	612	610
395	777	394	829	905	810	396	782	612	610
395	777	394	829	905	810	396	782	612	610
395	777	394	829	905	810	396	782	612	610
